A=[ 1,    0,    0, 0   ,0    ,   0 ;
    0,  -1/2,    0, 0   , -3/2 ,   0 ;
    0,    0,  -1/2, 0   , 0   , +3/2 ;
    0,    0,    0, 1   ,0 ,   0 ;
    0,  1/2,    0, 0   ,-1/2    ,   0 ;
    0,    0, -1/2, 0   ,0    ,-1/2 ]

B=diag([1,1,1,-1,-1,-1])

A
A*A
A*A*A
B*A*B
